# oST version 5.0 parameters


[image]

width
1280

height
720

[narrow_stereo]

camera matrix
831.909937 0.000000 614.176335
0.000000 833.874788 272.318628
0.000000 0.000000 1.000000

distortion
-0.304539 0.073470 -0.001675 -0.001943 0.000000

rectification
1.000000 0.000000 0.000000
0.000000 1.000000 0.000000
0.000000 0.000000 1.000000

projection
638.392090 0.000000 589.163702 0.000000
0.000000 769.125061 259.601695 0.000000
0.000000 0.000000 1.000000 0.000000

